3528
12931
18725
16728
7735
-1677
7557
17131
27506
30385
22712
15432
9522
12767
23312
30231
30701
17023
6283
-1430
-1106
13553
18496
10646
4540
-15039
-16676
-12620
-934
2661
-5347
-16677
-29488
-33526
-23120
-12211
-5539
-10119
-23199
-30169
-29810
-20273
-9069
3624
-5019
-13122
-19273
-10576
-3228
11705
14977
13020
2978
-2083
5600
18290
27846
30169
21156
11798
6655
11805
20798
26112
28068
16630
2396
1203
2185
12350
18226
12389
2279
-14600
-15963
-13615
-5742
-1436
-6280
-17321
-30043
-27762
-21493
-15596
-5023
-8732
-20067
-29924
-29854
-15324
-6463
2167
-3583
-10293
-16055
-10718
21
15703
17021
13050
7766
-2418
3116
19372
25367
33451
21597
11029
11846
15485
26159
31376
25990
21254
5121
1883
5895
11936
17996
13975
753
-14330
-16171
-9593
-5389
-577
-6527
-13735
-26368
-28749
-23964
-11445
-9349
-12460
-23696
-28211
-26560
-17850
-4865
-2464
-6983
-11367
-16434
-10861
4766
14020
14942
14480
1368
-645
5520
20860
26223
27911
22227
11197
10253
10364
20129
28689
26717
21292
7556
453
1549
13935
14767
9041
2376
-11497
-14926
-11608
-2286
-1580
-7725
-16070
-29320
-30943
-23335
-12489
-8708
-15274
-23712
-34011
-26462
-20637
-7866
-174
-5479
-9160
-19353
-11597
-79
9795
17814
11903
5544
1925
9983
20106
26974
29085
24624
13834
9280
9290
22376
28088
28273
17237
7477
912
5573
11313
14879
11311
-34
-11372
-12249
-12330
-5912
-970
-6584
-16470
-30794
-29438
-22111
-12059
-9195
-13000
-25272
-30551
-28799
-16601
-7969
1285
-1011
-16386
-15915
-10777
-1275
11336
16502
11650
3382
-3074
7962
19593
26086
26631
23466
11372
8284
11885
23807
30954
26262
14667
2491
1499
1622
11232
15575
12026
-3873
-11753
-15720
-12069
-4622
-83
-4859
-22979
-23801
-28784
-23729
-13306
-7013
-12756
-26486
-25435
-27934
-15393
-7041
2795
-3427
-11028
-18858
-9708
1380
14734
15511
11284
8608
-1842
5385
19707
27908
30730
21625
13264
5387
15840
22188
28204
29046
16512
2988
-2416
5388
11927
16500
14286
-2254
-13592
-17537
-12057
-4084
-852
-5780
-17648
-29152
-31190
-21875
-14306
-10315
-13148
-22740
-25051
-29122
-15547
-4162
-2656
-2453
-14614
-22086
-10918
-3512
13033
15399
15565
6137
-629
4281
15005
26831
29003
21695
12837
9157
13223
20896
26689
30442
16054
4352
-764
314
11290
15808
13371
1397
-12123
-14904
-11566
-4031
44
-6038
-18223
-28248
-31820
-21863
-14510
-6317
-13023
-22325
-28576
-26426
-20575
-6071
1482
-7396
-11471
-21279
-14176
77
8817
14796
9302
7296
606
6791
16988
27006
26331
21841
11001
9716
14806
25358
31269
26516
15202
7190
990
463
12957
18397
12249
-370
-13746
-19661
-10645
-4618
-745
-2191
-16064
-26971
-29280
-19384
-9085
-6141
-11359
-26614
-29317
-27973
-17245
-3771
-5757
-5139
-11706
-17701
-14965
1738
12685
14825
12876
5643
288
7258
17590
26922
27245
22252
12912
9752
12294
23339
27635
26148
17213
3548
1918
4926
12804
17445
16173
-938
-16534
-16369
-12347
-5035
-2236
-6535
-17071
-28718
-24739
-24345
-14110
-12577
-12021
-26457
-30643
-28264
-18853
-2179
1711
-1362
-14011
-14510
-11139
1543
14190
14950
11397
5725
-5033
8684
18540
27621
30005
20364
11824
10201
15120
27817
29416
26396
16405
3621
122
4765
12177
18960
11662
-695
-13293
-20033
-15381
-6358
2325
-3866
-14683
-30377
-33501
-23744
-12172
-7003
-10428
-21856
-26079
-28158
-19260
-9019
-2056
-3516
-14023
-14894
-9306
-4739
13859
12288
13049
6450
408
3097
16263
27190
29200
22019
12304
8427
10107
21940
32601
26944
16546
7813
-4840
6363
10982
17095
12323
1885
-12666
-18124
-9650
-8728
-237
-8353
-18957
-23690
-29653
-22034
-16087
-9458
-12131
-21715
-28330
-27696
-16379
-4749
-3937
-3926
-10710
-15588
-12858
-1611
9894
16505
14512
96
-1042
3377
19003
26604
28623
21990
13415
7215
6431
23511
30442
27274
15265
6360
1036
3060
11812
14907
11774
