6
32
68
97
90
16
-115
-313
-524
-654
-581
-165
648
1864
3374
5026
6672
8217
9668
11063
12477
13964
15491
17008
18428
19644
20574
21111
21204
20808
19917
18593
16907
14953
12802
10559
8277
6003
3734
1467
-816
-3154
-5552
-7974
-10393
-12710
-14826
-16637
-18085
-19151
-19808
-20126
-20117
-19861
-19313
-18485
-17361
-15901
-14123
-12062
-9787
-7359
-4831
-2264
332
2948
5545
8094
10518
12778
14758
16409
17676
18535
18990
19052
18782
18221
17417
16412
15225
13884
12359
10635
8697
6516
4106
1467
-1325
-4167
-6979
-9636
-12054
-14123
-15827
-17140
-18070
-18677
-18984
-19073
-18905
-18541
-17934
-17035
-15834
-14279
-12415
-10235
-7795
-5214
-2546
92
2641
5050
7287
9385
11329
13171
14923
16603
18165
19526
20636
21374
21675
21500
20839
19754
18275
16475
14424
12176
9746
7179
4521
1794
-921
-3587
-6113
-8471
-10662
-12648
-14442
-16041
-17403
-18518
-19326
-19799
-19931
-19695
-19127
-18220
-16984
-15401
-13481
-11238
-8704
-5991
-3178
-391
2283
4807
7138
9296
11290
13130
14798
16241
17436
18342
18967
19295
19362
19172
18675
17880
16714
15197
13328
11175
8840
6376
3892
1395
-1060
-3526
-6001
-8444
-10874
-13163
-15291
-17144
-18704
-19950
-20829
-21381
-21543
-21341
-20706
-19655
-18216
-16400
-14305
-11976
-9513
-6946
-4272
-1538
1291
4162
7045
9841
12441
14767
16691
18203
19238
19876
20152
20113
19847
19360
18674
17751
16550
15073
13300
11267
9022
6620
4124
1556
-1024
-3628
-6217
-8759
-11182
-13434
-15436
-17157
-18551
-19621
-20368
-20772
-20826
-20515
-19802
-18686
-17219
-15429
-13393
-11171
-8845
-6457
-4025
-1554
918
3411
5882
8288
10562
12679
14586
16233
17610
18682
19438
19811
19794
19376
18549
17305
15751
13908
11861
9672
7404
5105
2747
381
-2007
-4377
-6756
-9059
-11254
-13312
-15187
-16817
-18156
-19185
-19864
-20161
-20048
-19579
-18717
-17522
-16019
-14283
-12322
-10182
-7906
-5496
-3009
-440
2125
4671
7154
9518
11724
13746
15544
17091
18344
19298
19909
20152
20023
19508
18661
17475
16028
14343
12472
10443
8237
5915
3464
939
-1661
-4255
-6791
-9262
-11588
-13780
-15757
-17479
-18895
-19900
-20474
-20569
-20232
-19523
-18534
-17386
-16105
-14773
-13326
-11716
-9847
-7657
-5158
-2376
557
3490
6277
8820
11057
12997
14669
16121
17371
18419
19197
19667
19725
19345
18527
17284
15716
13896
11942
9910
7852
5778
3673
1495
-796
-3216
-5738
-8311
-10865
-13257
-15414
-17203
-18594
-19557
-20082
-20233
-20019
-19536
-18800
-17862
-16736
-15427
-13942
-12250
-10339
-8190
-5784
-3152
-341
2563
5439
8178
10648
12835
14699
16289
17618
18733
19624
20221
20474
20292
19678
18580
17082
15249
13170
10904
8489
5969
3365
731
-1884
-4393
-6741
-8882
-10756
-12395
-13818
-15067
-16170
-17131
-17970
-18619
-19033
-19150
-18943
-18367
-17388
-16042
-14329
-12292
-9965
-7400
-4667
-1802
1093
3949
6660
9187
11468
13471
15233
16723
17935
18850
19465
19742
19663
19230
18496
17507
16282
14875
13265
11427
9316
6930
4282
1423
-1510
-4408
-7116
-9595
-11782
-13702
-15413
-16962
-18375
-19616
-20636
-21302
-21503
-21174
-20260
-18821
-16930
-14706
-12322
-9835
-7385
-4966
-2620
-318
1942
4182
6417
8604
10750
12793
14739
16524
18107
19431
20404
20959
21047
20664
19813
18557
16980
15148
13133
10936
8571
6041
3360
595
-2175
-4873
-7417
-9772
-11921
-13868
-15583
-17042
-18208
-19036
-19526
-19671
-19539
-19170
-18597
-17822
-16803
-15504
-13866
-11900
-9616
-7108
-4457
-1739
945
3561
6062
8410
10618
12622
14427
16000
17313
18374
19127
19600
19681
19438
18789
17776
16460
14825
12997
10950
8751
6408
3917
1297
-1426
-4171
-6878
-9454
-11811
-13921
-15719
-17251
-18461
-19357
-19947
-20173
-20093
-19637
-18874
-17785
-16432
-14847
-13032
-11060
-8904
-6654
-4278
-1850
595
3041
5460
7843
10114
12238
14158
15812
